2
16
20 20 -100
80 20 -100
80 40 -100
20 40 -100
40 20 -100
60 20 -100
60 40 -100
40 40 -100
20 20 -120
80 20 -120
80 40 -120
20 40 -120
40 20 -120
60 20 -120
60 40 -120
40 40 -120
16
0 1
1 2
2 3
3 0
4 7
5 6
8 9
9 10
10 11
11 8
12 15
13 14
0 8
1 9
2 10
3 11
16
30 30 -200
90 30 -200
90 50 -200
30 50 -200
50 30 -200
70 30 -200
70 50 -200
50 50 -200
30 30 -220
90 30 -220
90 50 -220
30 50 -220
40 30 -220
70 30 -220
70 50 -220
50 50 -220
16
0 1
1 2
2 3
3 0
4 7
5 6
8 9
9 10
10 11
11 8
12 15
13 14
0 8
1 9
2 10
3 11

#FORMATO:
numero de objetos
(para cada objeto)
numero de puntos
puntos
numero de aristas
aristas
(/para cada objeto)